          1
          1
          1
          1
          1
         -1
         -1
          1
          1
         -1
          1
         -1
          1
          0
          6
          0
          7
          0
          0
          3
          0
          9
          0
          6
          0
         14
          0
         14
          0
         18
          0
         13
          0
         20
          0
          9
          0
         13
          0
         14
          0
         13
          0
          1
          0
          4
          0
          0
          4
          0
          0
          0
          9
          1
          0
          0
          3
          2
          0
          0
          0
         16
          0
         11
          0
         27
          0
         22
          0
         42
          0
         15
          0
         48
          0
          0
         36
          0
         86
        121
          0
         30
          0
         45
          0
          5
          0
         12
          0
          0
         12
          0
         10
          0
         24
          0
         17
          0
         26
          0
         13
          0
         15
          0
          6
          0
          3
          5
          0
          8
          0
         14
          0
         12
          0
         13
          0
          3
          0
          0
          7
          0
          9
          0
         12
          0
         22
          0
         23
          0
         29
          0
         23
          0
         27
          0
         18
          0
         18
          0
          9
          0
          6
          1
          0
          4
          0
          7
          0
          5
          0
         10
          0
          6
          0
          6
          0
          0
          2
          1
          0
          0
          4
          0
          3
          1
          0
          6
          0
          5
          0
          9
          0
         16
          0
         18
          0
         20
          0
         23
          0
         17
          0
         11
          0
         10
          0
          0
          0
          0
          4
          0
          9
          0
         15
          0
         20
          0
         20
          0
         19
          0
         14
          0
         14
          0
          6
          1
          0
          6
          0
         13
          0
         17
          0
         20
          0
         16
          0
         22
          0
         16
          0
         15
          0
         10
          0
          3
          0
          5
          0
          2
          0
          0
          3
          0
          3
          0
          4
          0
          8
          0
          8
          0
          7
          0
          9
          0
          9
          0
         11
          0
         12
          0
         14
          0
         15
          0
         15
          0
         15
          0
         15
          0
         18
          0
         12
          0
          9
          0
          6
          0
          7
          0
          0
          3
          0
          9
          0
          6
          0
         14
          0
         14
          0
         18
          0
         13
          0
         20
          0
          9
          0
         13
          0
         14
          0
         13
          0
          1
          0
          4
          0
          0
          4
          0
          0
          0
          9
          1
          0
          0
          3
          2
          0
          0
          0
         16
          0
         11
          0
         27
          0
         22
          0
         42
          0
         15
          0
         48
          0
          0
         36
          0
          0
          1
          0
          0
          0
          0
          3
          0
          0
          0
          2
          0
          0
          0
          0
          0
          0
          0
          3
          0
          0
          0
          5
          0
          0
          0
          3
          0
          0
          0
          0
          0
          0
          0
          7
          0
          0
          0
          3
          0
          0
          0
          7
          0
          0
          0
         11
          0
          0
          0
         12
          0
          0
          0
         15
          0
          0
          0
         31
          0
          0
          0
         84
          0
        127
         83
          0
          0
          0
         27
          0
          0
          0
         10
          0
          0
          0
         10
          0
          0
          0
          7
          0
          0
          0
          9
          0
          0
          0
         13
          0
          0
          0
          4
          0
          0
          0
         12
          0
          0
          0
          2
          0
          0
          0
          3
          0
          0
          0
          1
          0
          0
          0
          0
          0
          0
          0
          0
          0
          0
          0
          0
          1
          0
          0
          0
          2
          0
          0
          1
          0
          0
          0
          0
          3
          0
          0
          6
          0
          0
          0
          4
          0
          0
          0
          1
          0
          0
          0
          3
          0
          0
          0
          1
          0
          0
          0
          0
          4
          0
          0
          1
          0
          0
          0
          5
          0
          0
          0
          0
          1
          0
          0
          3
          0
          0
          0
          2
          0
          0
          0
          5
          0
          0
          0
          0
          3
          0
          0
          0
          0
          0
          0
          0
          1
          0
          0
          0
          1
          0
          0
          2
          0
          0
          0
          2
          0
          0
          0
          0
          1
          0
          0
          0
          3
          0
          0
          1
          0
          0
          0
          0
          0
          0
          0
          0
          2
          0
          0
          0
          0
          0
          0
          0
          3
          0
          0
          0
          1
          0
          0
          0
          2
          0
          0
          0
          2
          0
          0
          0
          1
          0
          0
          0
          2
          0
          0
          1
          0
          0
          0
          0
          3
          0
          0
          0
          2
          0
          0
          0
          0
          0
          0
          0
          3
          0
          0
          0
          5
          0
          0
          0
          3
          0
          0
          0
          0
          0
          0
          0
          7
          0
          0
          0
          3
          0
          0
          0
          7
          0
          0
          0
         11
          0
          0
          0
         12
          0
          0
          0
         15
          0
          0
          0
         31
          0
          0
          0
         84
          0
          0
          1
          0
          0
          0
          0
          3
          0
          0
          0
          2
          0
          0
          0
          0
          0
          0
          0
          3
          0
          0
          0
          5
          0
          0
          0
          3
          0
          0
          0
          0
          0
          0
          0
          7
          0
          0
          0
          3
          0
          0
          0
          7
          0
          0
          0
         11
          0
          0
          0
         12
          0
          0
          0
         15
          0
          0
          0
         31
          0
          0
          0
         84
          0
        127
         83
          0
          0
          0
         27
          0
          0
          0
         10
          0
          0
          0
         10
          0
          0
          0
          7
          0
          0
          0
          9
          0
          0
          0
         13
          0
          0
          0
          4
          0
          0
          0
         12
          0
          0
          0
          2
          0
          0
          0
          3
          0
          0
          0
          1
          0
          0
          0
          0
          0
          0
          0
          0
          0
          0
          0
          0
          1
          0
          0
          0
          2
          0
          0
          1
          0
          0
          0
          0
          3
          0
          0
          6
          0
          0
          0
          4
          0
          0
          0
          1
          0
          0
          0
          3
          0
          0
          0
          1
          0
          0
          0
          0
          4
          0
          0
          1
          0
          0
          0
          5
          0
          0
          0
          0
          1
          0
          0
          3
          0
          0
          0
          2
          0
          0
          0
          5
          0
          0
          0
          0
          3
          0
          0
          0
          0
          0
          0
          0
          1
          0
          0
          0
          1
          0
          0
          2
          0
          0
          0
          2
          0
          0
          0
          0
          1
          0
          0
          0
          3
          0
          0
          1
          0
          0
          0
          0
          0
          0
          0
          0
          2
          0
          0
          0
          0
          0
          0
          0
          3
          0
          0
          0
          1
          0
          0
          0
          2
          0
          0
          0
          2
          0
          0
          0
          1
          0
          0
          0
          2
          0
          0
          1
          0
          0
          0
          0
          3
          0
          0
          0
          2
          0
          0
          0
          0
          0
          0
          0
          3
          0
          0
          0
          5
          0
          0
          0
          3
          0
          0
          0
          0
          0
          0
          0
          7
          0
          0
          0
          3
          0
          0
          0
          7
          0
          0
          0
         11
          0
          0
          0
         12
          0
          0
          0
         15
          0
          0
          0
         31
          0
          0
          0
         84
          0
          0
          1
          0
          0
          0
          0
          3
          0
          0
          0
          2
          0
          0
          0
          0
          0
          0
          0
          3
          0
          0
          0
          5
          0
          0
          0
          3
          0
          0
          0
          0
          0
          0
          0
          7
          0
          0
          0
          3
          0
          0
          0
          7
          0
          0
          0
         11
          0
          0
          0
         12
          0
          0
          0
         15
          0
          0
          0
         31
          0
          0
          0
         84
          0
        127
         83
          0
          0
          0
         27
          0
          0
          0
         10
          0
          0
          0
         10
          0
          0
          0
          7
          0
          0
          0
          9
          0
          0
          0
         13
          0
          0
          0
          4
          0
          0
          0
         12
          0
          0
          0
          2
          0
          0
          0
          3
          0
          0
          0
          1
          0
          0
          0
          0
          0
          0
          0
          0
          0
          0
          0
          0
          1
          0
          0
          0
          2
          0
          0
          1
          0
          0
          0
          0
          3
          0
          0
          6
          0
          0
          0
          4
          0
          0
          0
          1
          0
          0
          0
          3
          0
          0
          0
          1
          0
          0
          0
          0
          4
          0
          0
          1
          0
          0
          0
          5
          0
          0
          0
          0
          1
          0
          0
          3
          0
          0
          0
          2
          0
          0
          0
          5
          0
          0
          0
          0
          3
          0
          0
          0
          0
          0
          0
          0
          1
          0
          0
          0
          1
          0
          0
          2
          0
          0
          0
          2
          0
          0
          0
          0
          1
          0
          0
          0
          3
          0
          0
          1
          0
          0
          0
          0
          0
          0
          0
          0
          2
          0
          0
          0
          0
          0
          0
          0
          3
          0
          0
          0
          1
          0
          0
          0
          2
          0
          0
          0
          2
          0
          0
          0
          1
          0
          0
          0
          2
          0
          0
          1
          0
          0
          0
          0
          3
          0
          0
          0
          2
          0
          0
          0
          0
          0
          0
          0
          3
          0
          0
          0
          5
          0
          0
          0
          3
          0
          0
          0
          0
          0
          0
          0
          7
          0
          0
          0
          3
          0
          0
          0
          7
          0
          0
          0
         11
          0
          0
          0
         12
          0
          0
          0
         15
          0
          0
          0
         31
          0
          0
          0
         84
          0
          0
          1
          0
          0
          0
          0
          3
          0
          0
          0
          2
          0
          0
          0
          0
          0
          0
          0
          3
          0
          0
          0
          5
          0
          0
          0
          3
          0
          0
          0
          0
          0
          0
          0
          7
          0
          0
          0
          3
          0
          0
          0
          7
          0
          0
          0
         11
          0
          0
          0
         12
          0
          0
          0
         15
          0
          0
          0
         31
          0
          0
          0
         84
          0
        127
         83
          0
          0
          0
         27
          0
          0
          0
         10
          0
          0
          0
         10
          0
          0
          0
          7
          0
          0
          0
          9
          0
          0
          0
         13
          0
          0
          0
          4
          0
          0
          0
         12
          0
          0
