        -10
          5
         62
         15
        -27
        -71
         36
         -1
         16
        -37
         54
         75
         90
         12
        -33
         33
        -28
         29
        -22
         21
         29
         -6
         49
         27
         51
          6
         25
         -1
         30
         16
          7
         41
        -74
        -27
         38
        -23
         -7
          9
         18
         23
         14
         -5
         66
        -39
         44
        -42
         17
        -61
        -36
         22
        -16
        -23
         -8
        -12
        -25
         26
        -13
        -28
        -19
        -47
         45
         67
         46
        -23
        -42
         -7
         -2
          3
        -39
         -7
        -16
        -45
        -48
          7
         38
        -25
        -14
         20
        -49
         57
        -16
         29
         58
        -11
         29
        -12
         -5
         55
        -19
         12
        -25
         47
        -46
        -88
        -41
          9
        -10
        -15
        -10
         41
        -35
        -31
          2
        -21
        -38
          7
         26
         65
         24
        -22
         21
         15
        -24
        -28
        -28
        -15
         42
         -6
        -27
         -8
         53
        -50
         43
         29
          3
         -3
         32
       -111
        -24
         40
        -36
         34
         16
         -1
         12
         10
        -32
         40
        -56
         56
        -25
          6
        -45
         26
         44
         82
         38
        -53
        -66
         48
        -41
         20
         35
        -50
        -22
         22
         40
        -56
         11
         56
        -28
        -10
        -18
         -2
        -16
        -41
         -2
         38
         -8
        -30
         34
         82
         15
          4
         11
          2
        -33
        -15
         28
        -51
         28
         19
         -9
        -15
        -72
         34
        -16
         44
        -12
         32
         48
         15
         56
         24
         48
        -46
        -52
        -73
         24
         42
        -24
        -12
          0
         40
          3
        -26
        -25
        -26
          4
         -6
        -10
         -7
        -26
        -54
        -43
         -8
         13
        -18
        -14
         14
         34
         20
        -17
        -12
         28
         50
        -42
         38
         68
         -1
        -18
         -2
         16
        -70
         54
        -34
         11
        -40
         -9
          6
         17
         11
          8
        -73
         16
          7
        -51
         59
          8
         26
          4
        -32
        -34
         -4
         26
         77
        -52
        -10
        -52
         -4
        -29
         26
        -14
        -14
        -10
         10
        -38
        -12
        -16
          6
         20
        -18
         30
         -9
         -2
          2
        -25
        -75
         -9
         21
        -67
         -7
         -3
         -2
         -8
        -63
          2
        -19
         32
         28
         22
        -16
         59
          4
         18
        -30
         82
        -14
         -4
         40
         68
         66
        -82
          4
         38
         20
        -19
         44
         22
        -17
        -19
         12
         -3
        -24
          9
        -42
         27
         38
        -15
          7
        -20
         46
        -16
         12
         15
         22
         10
         18
        -34
        -42
         22
         36
        -44
        -10
        -24
        -34
          2
         33
        -22
         14
        -41
         23
        -31
         27
          7
        -13
        -85
         38
         20
         11
        -18
        -85
        -40
         32
         30
         -8
         -1
         36
        -70
          2
        -22
        -34
         36
        -24
         16
        -54
        -74
        -48
         10
        -28
        -21
        -12
          0
         -3
          3
         -4
         47
         44
         79
         -2
        -63
         22
        -17
         33
          8
        -16
        -22
        -14
         22
         32
         25
         -5
         36
         64
          6
         -6
          9
          9
        -17
        -49
        -44
        -15
          7
          5
        -23
         26
        -59
         -6
          4
         -9
          7
         33
         29
         45
        -10
         27
         48
         36
        -66
         10
         68
        -10
        111
        -33
        -20
        -10
        -28
         30
         49
         -9
         23
         -5
         36
        -48
         41
        -61
          1
        -28
         17
         24
         20
          9
         -9
         -5
        -32
        -40
         69
          2
         -8
        -36
         22
        -46
         26
          0
        -79
         35
        -60
        -48
         34
        -30
        -59
         -7
        -13
          3
        -44
        -21
         41
        -29
         71
        -10
        -39
         28
          4
        -23
        -59
         39
         41
         13
         24
         27
          0
          0
         18
        -46
         36
        -30
         27
        -49
        -36
         58
        -36
        -58
        -67
        -13
        -29
         15
         36
         20
         -9
         53
         55
          4
        -99
        -10
         20
          7
        -11
        -67
         30
        -14
        -15
         -4
          2
        -48
         82
         95
        -18
        -16
         -8
         -7
        -32
        -20
         46
         31
         35
          7
         29
         33
        -13
         65
        -28
         10
        -26
         56
        -25
         49
        -12
         -8
        -29
         -4
         32
         18
         13
        -43
        -10
          4
          4
         35
        -48
        -66
        -10
        -47
         28
         -6
        -16
         39
          7
          3
          3
         13
        -76
        -18
        -34
        -49
        -38
         42
         11
        -15
          7
        -32
          5
        -25
         33
         72
        -12
         24
        -22
         -8
         34
        -33
         -6
         -8
        -12
        -31
        -44
          4
         26
         19
        -33
        -17
        -23
         69
         -7
         31
          4
         44
         10
          8
         41
          9
        -68
         12
         37
        -50
        -14
        -56
       -103
        -55
         70
         -4
        -48
         35
        -56
         34
        -42
        -31
          8
        -10
          0
          3
         35
        -13
         27
        -23
          8
         -6
        -14
         31
         38
        -18
         13
        -31
          1
         44
        -37
         59
         17
        -46
          2
        -26
         18
        -34
        -20
         55
         -8
         35
         10
         -9
        -22
         -4
         34
        -15
        -32
         34
        -53
        -26
        -16
         46
         42
        -29
         56
        -96
        -21
        -22
        -75
        -11
         -7
        -16
        -63
        -26
         20
         11
         18
          8
        -56
        -43
        -52
         57
        -42
        -49
        -34
         72
        -48
        -13
        -38
         38
         -1
        -22
        -27
        -22
         -1
         13
        -17
        -18
         12
         22
         19
         73
          6
         28
         12
         48
         20
        -20
        -14
         26
         32
          3
         48
         39
          2
         -5
        -10
        -96
         46
         49
         28
         14
          3
        -78
         -4
         -2
         26
        -37
        -52
          2
         29
        -28
        -13
        -33
         -9
         54
          3
         70
        -14
        -35
          2
        -24
         44
         61
         -4
          1
         14
        -21
         -6
        -20
        -64
          7
        -22
         58
         39
         22
          7
        -30
        -35
         33
         45
        -84
         28
         56
         -3
        -45
         42
        -38
        -64
        -76
        -14
        -36
         42
        -76
          6
         -7
         85
         39
         -7
        -50
        -74
        -36
          2
         21
          9
          5
         20
         14
         46
        -66
         22
        -14
        -75
         -5
        -40
        -40
        -29
          0
        -60
         36
         -2
         47
         20
         -8
         -6
        -18
        -26
        -11
          5
        -43
         37
         56
         -2
        -18
         18
        -21
        -27
          3
        -26
        -18
          4
          8
        -13
         50
         36
         49
         12
         -4
         29
         -9
        -24
         21
        -14
         13
        -13
        -23
         -6
        -68
         -6
         29
         45
         27
        -19
        -18
          6
         32
         66
         17
        -31
         17
        -24
         26
        -10
         -6
          6
         36
          9
         27
         -6
         -8
        -79
         88
          8
         22
         44
         27
        -12
         20
         90
         -6
         10
         17
         45
         13
         17
         12
        -18
         38
        -46
        -29
         61
        -21
        -90
         34
         16
         56
        -47
       -108
        -38
        -27
          6
        -52
         23
         17
        -12
        -11
          8
         21
         29
         11
          4
          2
        -32
        -24
         26
         23
         -5
        -52
        -14
          6
          8
         68
        -31
        -36
        -42
         -4
         -2
        -10
         50
         -8
        -18
        -19
        -29
        -17
         16
        -66
        -26
        -80
         48
         39
          4
         58
          0
        -40
         20
         38
        -74
         -9
        -37
         -4
        -38
        -10
        -30
          6
          5
          6
        -32
         -8
        -49
        -40
         91
        -15
        -78
          0
        -20
         70
         28
         60
         -8
         31
         17
         31
         -8
        -36
         12
         22
         56
         68
        -38
         23
        -33
        -48
        -46
         34
        -20
         68
         17
         32
         -2
         32
        -30
         -2
         50
        -56
         10
        -31
         -1
         45
        -24
        -54
         -6
          8
        -14
        -59
         12
         46
          0
         16
         28
         14
         62
        -41
        -49
         24
          2
        -14
        -78
        -38
         13
        -10
         36
        -28
          1
        -60
        -23
         -1
        -50
         22
         14
         14
         12
        -36
        -16
         17
        -23
         29
          0
          4
        -12
        -36
        -26
        -25
        -14
        -47
        -13
         -5
         -8
        -20
         22
        -51
         15
         20
         15
         -7
         12
        -18
        -36
         30
        -33
         60
         29
         -1
         51
        -21
        -37
         44
         19
         86
        -25
         10
        -24
         56
         14
          3
          2
         15
        -17
         89
         -4
         32
         -2
         -5
        -31
        -28
         27
         39
         44
        -43
        -49
         62
          9
          5
         47
         71
         38
        -22
         25
          8
         17
        -58
        -42
         28
        -44
        -40
         10
         -9
         58
        -35
          7
         39
        -24
        -28
         10
          9
          7
         44
         -9
        -23
         -4
